|测试一	|000001	|2.80	|0.80	|
|测试二	|000002	|2.00	|0.00	|
|测试三	|000003	|1.80	|0.00	|
|测试四	|000004	|1.85	|0.00	|
|测试五	|000005	|1.85	|0.00	|
|测试六	|000006	|3.35	|0.00	|
|测试七	|000007	|2.00	|0.00	|
|测试八	|000008	|0.00	|0.00	|
|测试九	|000009	|1.85	|0.00	|
|测试十	|000010	|2.50	|0.00	|
|测试十一	|000011	|3.85	|0.00	|
|测试十二	|000012	|2.50	|0.00	|
|测试十三	|000013	|1.65	|0.00	|
|测试十四	|000014	|1.85	|0.00	|
|测试十五	|000015	|3.35	|0.00	|
|测试十六	|000016	|3.00	|0.00	|
|测试十七	|000017	|1.85	|0.00	|
|测试18	|000018	|1.85	|0.00	|
|测试十九	|000019	|2.35	|0.00	|
|测试二十	|000020	|3.30	|0.00	|
|测试二十一	|000021	|2.20	|0.00	|
|测试二十二	|000022	|3.00	|0.00	|
|测试二十三	|000023	|0.85	|0.00	|
|测试二十四	|000024	|2.80	|0.00	|
|测试二十五	|000025	|3.65	|0.00	|
|测试二十六	|000026	|3.50	|0.00	|
|测试二十七	|000027	|3.85	|0.00	|
|测试二十八	|000028	|2.85	|0.00	|
|测试二十九	|000029	|3.50	|0.00	|
|测试三十	|000030	|2.80	|0.00	|
|yyyy	|111111	|3.00	|0.00	|
