|yyyy	|111111	||	03	|yingyu	|4.00	|80.00	|3.00	|
|测试三十	|000030	||	01	|语文	|4.00	|85.00	|3.30	||	02	|数学	|4.00	|76.00	|2.30	|
|测试二十九	|000029	||	01	|语文	|4.00	|87.00	|3.70	||	02	|数学	|4.00	|86.00	|3.30	|
|测试二十八	|000028	||	01	|语文	|4.00	|99.00	|4.00	||	02	|数学	|4.00	|68.00	|1.70	|
|测试二十七	|000027	||	01	|语文	|4.00	|89.00	|3.70	||	02	|数学	|4.00	|96.00	|4.00	|
|测试二十六	|000026	||	01	|语文	|4.00	|89.00	|3.70	||	02	|数学	|4.00	|86.00	|3.30	|
|测试二十五	|000025	||	01	|语文	|4.00	|94.00	|4.00	||	02	|数学	|4.00	|86.00	|3.30	|
|测试二十四	|000024	||	01	|语文	|4.00	|86.00	|3.30	||	02	|数学	|4.00	|76.00	|2.30	|
|测试二十三	|000023	||	01	|语文	|4.00	|49.00	|0.00	||	02	|数学	|4.00	|69.00	|1.70	|
|测试二十二	|000022	||	01	|语文	|4.00	|82.00	|3.00	||	02	|数学	|4.00	|83.00	|3.00	|
|测试二十一	|000021	||	01	|语文	|4.00	|68.00	|1.70	||	02	|数学	|4.00	|79.00	|2.70	|
|测试二十	|000020	||	01	|语文	|4.00	|84.00	|3.30	||	02	|数学	|4.00	|86.00	|3.30	|
|测试十九	|000019	||	01	|语文	|4.00	|89.00	|3.70	||	02	|数学	|4.00	|63.00	|1.00	|
|测试18	|000018	||	01	|语文	|4.00	|59.00	|0.00	||	02	|数学	|4.00	|89.00	|3.70	|
|测试十七	|000017	||	01	|语文	|4.00	|49.00	|0.00	||	02	|数学	|4.00	|88.00	|3.70	|
|测试十六	|000016	||	01	|语文	|4.00	|86.00	|3.30	||	02	|数学	|4.00	|79.00	|2.70	|
|测试十五	|000015	||	01	|语文	|4.00	|79.00	|2.70	||	02	|数学	|4.00	|99.00	|4.00	|
|测试十四	|000014	||	01	|语文	|4.00	|89.00	|3.70	||	02	|数学	|4.00	|56.00	|0.00	|
|测试十三	|000013	||	01	|语文	|4.00	|86.00	|3.30	||	02	|数学	|4.00	|48.00	|0.00	|
|测试十二	|000012	||	01	|语文	|4.00	|65.00	|1.30	||	02	|数学	|4.00	|88.00	|3.70	|
|测试十一	|000011	||	01	|语文	|4.00	|98.00	|4.00	||	02	|数学	|4.00	|89.00	|3.70	|
|测试十	|000010	||	01	|语文	|4.00	|65.00	|1.30	||	02	|数学	|4.00	|89.00	|3.70	|
|测试九	|000009	||	01	|语文	|4.00	|89.00	|3.70	||	02	|数学	|4.00	|48.00	|0.00	|
|测试八	|000008	||	01	|语文	|4.00	|26.00	|0.00	||	02	|数学	|4.00	|56.00	|0.00	|
|测试七	|000007	||	01	|语文	|4.00	|100.00	|4.00	||	02	|数学	|4.00	|59.00	|0.00	|
|测试六	|000006	||	01	|语文	|4.00	|77.00	|2.70	||	02	|数学	|4.00	|99.00	|4.00	|
|测试五	|000005	||	01	|语文	|4.00	|35.00	|0.00	||	02	|数学	|4.00	|88.00	|3.70	|
|测试四	|000004	||	01	|语文	|4.00	|56.00	|0.00	||	02	|数学	|4.00	|89.00	|3.70	|
|测试三	|000003	||	01	|语文	|4.00	|75.00	|2.30	||	02	|数学	|4.00	|66.00	|1.30	|
|测试二	|000002	||	01	|语文	|4.00	|49.00	|0.00	||	02	|数学	|4.00	|98.00	|4.00	|
|测试一	|000001	||	01	|语文	|4.00	|80.00	|3.00	||	02	|数学	|4.00	|76.00	|2.30	|
